"","d0_11","d0_13","d0_14","d0_2","d0_20","d0_22","d0_3","d0_4","d0_5","d0_6","d0_7","d0_8","d14_10","d14_11","d14_13","d14_14","d14_16","d14_17","d14_20","d14_22","d14_24","d14_25","d14_26","d14_4","d14_5","d14_6","d14_7","d14_8","d7_10","d7_11","d7_12","d7_13","d7_16","d7_17","d7_2","d7_20","d7_22","d7_24","d7_25","d7_26","d7_27","d7_3","d7_4","d7_5","d7_6","d7_7","d7_8"
"d0_11",0,0.728627450980392,0.84783559247923,0.911705143782908,0.552156862745098,0.808326787117046,0.643921568627451,0.65947430364849,0.602352941176471,0.952941176470588,0.894117647058824,0.836862745098039,0.944313725490196,0.982745098039216,0.940781681800237,0.995294117647059,0.819968553459119,0.912053396152336,0.819607843137255,0.76,0.854731056144484,0.774117647058824,0.910843373493976,0.855516293678838,0.96078431372549,0.820392156862745,0.974901960784314,0.774117647058824,0.890196078431372,0.868235294117647,0.826666666666667,0.786666666666667,0.96,0.807058823529412,0.95843137254902,0.736470588235294,0.970196078431373,0.755294117647059,0.79030350808041,0.787687450670876,0.733333333333333,0.885490196078431,0.833725490196078,0.897254901960784,0.865098039215686,0.992941176470588,0.745098039215686
"d0_13",0.728627450980392,0,0.925796595373199,0.957945814799838,0.86530931871574,0.816470588235294,0.898981989036805,0.90599294947121,0.893500391542678,0.982772122161316,0.923257635082224,0.924823805794832,0.939702427564605,0.96945967110415,0.965313362238865,0.992169146436962,0.921507064364207,0.945119560956488,0.676585747846515,0.733750978856695,0.890239121912975,0.527016444792482,0.959101844426624,0.924735397883183,0.96945967110415,0.93265465935787,0.97337509788567,0.871574001566171,0.891151135473767,0.940485512920908,0.888018794048551,0.772122161315583,0.984338292873923,0.851996867658575,0.985121378230227,0.526233359436179,0.981989036805012,0.642129992169146,0.682014954742228,0.788810086682427,0.56930305403289,0.947533281127643,0.920908379013312,0.964761158966327,0.924823805794832,0.988253719655442,0.517619420516836
"d0_14",0.84783559247923,0.925796595373199,0,0.745701357466063,0.86905281536447,0.919545255793616,0.881274552597119,0.863755458515284,0.857704059362724,0.935399388913138,0.94063727629856,0.903099083369708,0.986905281536447,0.959842863378437,0.843447669305189,0.989524225229158,0.854704595185996,0.938811188811189,0.981667394151026,0.924923614142296,0.909965034965035,0.950240069838499,0.898700134468848,0.854020979020979,0.952859013531209,0.896988214753383,0.965080750763859,0.896988214753383,0.953731994762113,0.87167175905718,0.857704059362724,0.931034482758621,0.972064600611087,0.890004364906155,0.977302487996508,0.946748144914884,0.984286337843736,0.949367088607595,0.936786654960492,0.936703296703297,0.934526407682235,0.951113051069402,0.881274552597119,0.870798777826277,0.933653426451331,0.986032300305543,0.930161501527717
"d0_2",0.911705143782908,0.957945814799838,0.745701357466063,0,0.892438334007279,0.93600648035642,0.857662757784068,0.837378640776699,0.873837444399515,0.911847957945815,0.924787707238172,0.877072381722604,0.970076829761423,0.935301253538213,0.844462540716612,0.970885564092196,0.823267126064045,0.91417004048583,0.978972907399919,0.91346542660736,0.859919028340081,0.914274160938132,0.79361790302528,0.880971659919028,0.944197331176708,0.847149211484027,0.968459361099879,0.835018196522442,0.918317832591994,0.772745653052972,0.769510715729883,0.93772745653053,0.959563283461383,0.9239789729074,0.966033158107562,0.952284674484432,0.965224423776789,0.888394662353417,0.863414634146341,0.881969881969882,0.911039223615042,0.931257581884351,0.881116053376466,0.852810351799434,0.895673271330368,0.97250303275374,0.924787707238172
"d0_20",0.552156862745098,0.86530931871574,0.86905281536447,0.892438334007279,0,0.797647058823529,0.555207517619421,0.587152369761065,0.581832419733751,0.947533281127643,0.891151135473767,0.851213782302271,0.995301487862177,0.977290524667189,0.932203389830508,0.994518402505873,0.791208791208791,0.905919247353979,0.978856695379796,0.91229444009397,0.898079184633477,0.935003915426782,0.908580593424218,0.899647197177577,0.950665622552858,0.821456538762725,0.97337509788567,0.868441660140955,0.889584964761159,0.848081440877056,0.822239624119029,0.888801879404855,0.949099451840251,0.840250587314017,0.956930305403289,0.898198903680501,0.962411902897416,0.877055599060298,0.950413223140496,0.955082742316785,0.869224745497259,0.845732184808144,0.793265465935787,0.87548942834769,0.81832419733751,0.991386061080658,0.906812842599843
"d0_22",0.808326787117046,0.816470588235294,0.919545255793616,0.93600648035642,0.797647058823529,0,0.834509803921569,0.846214201647705,0.822745098039216,0.974901960784314,0.92156862745098,0.88078431372549,0.997647058823529,0.922352941176471,0.945519147256218,0.996862745098039,0.900943396226415,0.959952885747939,0.986666666666667,0.951372549019608,0.893207695327837,0.971764705882353,0.934136546184739,0.873576756968983,0.948235294117647,0.837647058823529,0.981960784313725,0.937254901960784,0.875294117647059,0.884705882352941,0.909019607843137,0.912156862745098,0.953725490196078,0.436078431372549,0.982745098039216,0.940392156862745,0.985882352941176,0.930980392156863,0.975561687031927,0.96921862667719,0.95843137254902,0.943529411764706,0.892549019607843,0.945882352941177,0.885490196078431,0.996078431372549,0.947450980392157
"d0_3",0.643921568627451,0.898981989036805,0.881274552597119,0.857662757784068,0.555207517619421,0.834509803921569,0,0.403055229142186,0.391542678151919,0.941268598277212,0.898198903680501,0.808927173061864,0.996867658574785,0.972592012529366,0.904611746156878,0.996867658574785,0.744897959183674,0.891807134457076,0.978856695379796,0.911511354737666,0.880047040376323,0.911511354737666,0.889334402566159,0.883183065464524,0.954581049334377,0.758809710258418,0.985904463586531,0.781519185591229,0.850430696945967,0.829287392325764,0.803445575567737,0.892717306186374,0.948316366483947,0.837901331245106,0.963978073610024,0.891151135473767,0.966327329678935,0.86530931871574,0.937819756001574,0.934594168636722,0.876272513703994,0.746280344557557,0.775254502740799,0.82850430696946,0.824588880187941,0.992952231793265,0.867658574784652
"d0_4",0.65947430364849,0.90599294947121,0.863755458515284,0.837378640776699,0.587152369761065,0.846214201647705,0.403055229142186,0,0.482961222091657,0.898159028593811,0.893458676067372,0.768899334116725,0.993732863298081,0.977281629455543,0.899842271293375,0.99686643164904,0.733019238319592,0.897254901960784,0.979631805718762,0.903642773207991,0.883921568627451,0.90520955738347,0.870838347372643,0.88156862745098,0.946729338033686,0.757931844888367,0.973364669016843,0.795534665099882,0.858206032119076,0.799451625538582,0.791617704661183,0.883274578926753,0.943595769682726,0.825303564433999,0.956130043086565,0.882491186839013,0.960830395613004,0.874657265961614,0.94251968503937,0.936145053212456,0.847238542890717,0.783783783783784,0.779083431257344,0.831570701135919,0.835487661574618,0.992949471210341,0.874657265961614
"d0_5",0.602352941176471,0.893500391542678,0.857704059362724,0.873837444399515,0.581832419733751,0.822745098039216,0.391542678151919,0.482961222091657,0,0.938919342208301,0.89193422083007,0.805794831636648,0.996084573218481,0.981989036805012,0.927473393772172,0.993735317149569,0.754317111459969,0.901215209721678,0.9796397807361,0.91229444009397,0.881615052920423,0.921691464369616,0.894947874899759,0.858878871030968,0.960845732184808,0.79796397807361,0.976507439310885,0.814408770555991,0.870007830853563,0.826938136256852,0.819890368050118,0.862176977290525,0.961628817541112,0.819107282693814,0.956147220046985,0.889584964761159,0.96319498825372,0.892717306186374,0.936245572609209,0.93538219070134,0.883320281910728,0.784651527016445,0.779953014878622,0.863743148003132,0.846515270164448,0.993735317149569,0.877055599060298
"d0_6",0.952941176470588,0.982772122161316,0.935399388913138,0.911847957945815,0.947533281127643,0.974901960784314,0.941268598277212,0.898159028593811,0.938919342208301,0,0.970242756460454,0.855912294440094,0.995301487862177,0.917776037588097,0.953488372093023,0.998433829287392,0.934850863422292,0.964719717757742,0.988253719655442,0.962411902897416,0.90905527244218,0.971808927173062,0.947072975140337,0.913759310074481,0.965544244322631,0.945967110415035,0.994518402505873,0.947533281127643,0.971025841816758,0.908379013312451,0.917776037588097,0.980422866092404,0.990602975724354,0.975724353954581,0.987470634299139,0.967110415035239,0.984338292873923,0.960062646828504,0.957497048406139,0.965327029156816,0.953797963978074,0.965544244322631,0.960845732184808,0.964761158966327,0.956147220046985,0.998433829287392,0.963978073610024
"d0_7",0.894117647058824,0.923257635082224,0.94063727629856,0.924787707238172,0.891151135473767,0.92156862745098,0.898198903680501,0.893458676067372,0.89193422083007,0.970242756460454,0,0.926389976507439,0.93265465935787,0.985904463586531,0.962948364209697,0.93265465935787,0.927001569858713,0.925519404155233,0.986687548942835,0.873923257635082,0.884751078008624,0.927956147220047,0.951082598235766,0.890239121912975,0.981989036805012,0.931871574001566,0.916209866875489,0.944400939702428,0.919342208300705,0.942051683633516,0.929522317932655,0.857478465152702,0.978073610023493,0.914643696162882,0.967110415035239,0.949882537196554,0.974941268598277,0.889584964761159,0.97874852420307,0.96769109535067,0.949882537196554,0.948316366483947,0.895066562255286,0.947533281127643,0.939702427564605,0.667188723570869,0.940485512920908
"d0_8",0.836862745098039,0.924823805794832,0.903099083369708,0.877072381722604,0.851213782302271,0.88078431372549,0.808927173061864,0.768899334116725,0.805794831636648,0.855912294440094,0.926389976507439,0,0.988253719655442,0.915426781519186,0.939298383918013,0.996084573218481,0.868131868131868,0.950607604860839,0.984338292873923,0.927173061863743,0.841630733045864,0.945184025058731,0.906976744186046,0.904351234809878,0.945967110415035,0.841816758026625,0.950665622552858,0.85512920908379,0.879404855129209,0.837901331245106,0.847298355520752,0.925606891151135,0.966327329678935,0.878621769772905,0.9796397807361,0.89584964761159,0.971025841816758,0.91229444009397,0.962219598583235,0.955870764381403,0.91229444009397,0.896632732967893,0.881754111198121,0.894283476898982,0.916992952231793,0.995301487862177,0.88566953797964
"d14_10",0.944313725490196,0.939702427564605,0.986905281536447,0.970076829761423,0.995301487862177,0.997647058823529,0.996867658574785,0.993732863298081,0.996084573218481,0.995301487862177,0.93265465935787,0.988253719655442,0,0.877055599060298,0.996058336618053,0.672670321064996,0.994505494505495,0.357114856918855,0.787000783085356,0.497259201252937,0.817326538612309,0.919342208300705,0.993584603047314,0.77577420619365,0.997650743931088,0.995301487862177,0.680501174628034,0.945967110415035,0.976507439310885,0.991386061080658,0.967110415035239,0.628034455755677,0.992952231793265,0.985121378230227,0.996867658574785,0.84494909945184,0.37744714173845,0.886452623335944,0.944116489571035,0.945626477541371,0.945184025058731,0.993735317149569,0.955364134690681,0.996084573218481,0.995301487862177,0.679718089271731,0.946750195771339
"d14_11",0.982745098039216,0.96945967110415,0.959842863378437,0.935301253538213,0.977290524667189,0.922352941176471,0.972592012529366,0.977281629455543,0.981989036805012,0.917776037588097,0.985904463586531,0.915426781519186,0.877055599060298,0,0.947970043358297,0.989036805011746,0.965463108320251,0.869854958839671,0.880971025841817,0.862176977290525,0.883183065464524,0.985904463586531,0.919005613472334,0.914543316346531,0.955364134690681,0.930305403288958,0.994518402505873,0.981989036805012,0.959279561472201,0.88566953797964,0.931088488645262,0.998433829287392,0.972592012529366,0.992169146436962,0.995301487862177,0.90602975724354,0.880971025841817,0.963978073610024,0.996064541519087,0.977147360126083,0.985121378230227,0.994518402505873,0.972592012529366,0.961628817541112,0.956147220046985,0.991386061080658,0.991386061080658
"d14_13",0.940781681800237,0.965313362238865,0.843447669305189,0.844462540716612,0.932203389830508,0.945519147256218,0.904611746156878,0.899842271293375,0.927473393772172,0.953488372093023,0.962948364209697,0.939298383918013,0.996058336618053,0.947970043358297,0,0.996058336618053,0.887791386803635,0.972375690607735,0.98659834450138,0.950335041387465,0.88318863456985,0.962160031533307,0.805409769882923,0.927387529597474,0.95743003547497,0.884903429247142,0.993693338588885,0.91564840362633,0.932203389830508,0.862041781631849,0.903035080804099,0.975561687031927,0.940086716594403,0.97240835632637,0.979503350413875,0.98659834450138,0.995270003941663,0.912495072920773,0.764659270998415,0.815152717175724,0.931415057154119,0.967678360268033,0.91643673630272,0.898305084745763,0.87386677177769,0.993693338588885,0.968466692944423
"d14_14",0.995294117647059,0.992169146436962,0.989524225229158,0.970885564092196,0.994518402505873,0.996862745098039,0.996867658574785,0.99686643164904,0.993735317149569,0.998433829287392,0.93265465935787,0.996084573218481,0.672670321064996,0.989036805011746,0.996058336618053,0,0.992935635792779,0.95766366130929,0.991386061080658,0.844166014095536,0.86671893375147,0.971808927173062,0.995990376904571,0.77734221873775,0.997650743931088,0.996084573218481,0.150352388410337,0.995301487862177,0.984338292873923,0.990602975724354,0.990602975724354,0.49804228660924,0.996084573218481,0.988253719655442,0.997650743931088,0.98981989036805,0.992169146436962,0.935787000783085,0.99685163321527,0.996847911741529,0.996867658574785,0.992169146436962,0.953797963978074,0.994518402505873,0.994518402505873,0.283476898981989,0.996867658574785
"d14_16",0.819968553459119,0.921507064364207,0.854704595185996,0.823267126064045,0.791208791208791,0.900943396226415,0.744897959183674,0.733019238319592,0.754317111459969,0.934850863422292,0.927001569858713,0.868131868131868,0.994505494505495,0.965463108320251,0.887791386803635,0.992935635792779,0,0.85147347740668,0.967032967032967,0.841444270015699,0.831041257367387,0.908163265306122,0.856109324758842,0.816110019646365,0.910518053375196,0.722919937205652,0.978806907378336,0.703296703296703,0.810832025117739,0.807692307692308,0.775510204081633,0.861067503924647,0.974097331240188,0.746467817896389,0.945839874411303,0.889324960753532,0.949764521193093,0.82967032967033,0.912426035502959,0.936808846761453,0.879120879120879,0.84850863422292,0.740188383045526,0.778649921507064,0.803767660910518,0.990580847723705,0.78414442700157
"d14_17",0.912053396152336,0.945119560956488,0.938811188811189,0.91417004048583,0.905919247353979,0.959952885747939,0.891807134457076,0.897254901960784,0.901215209721678,0.964719717757742,0.925519404155233,0.950607604860839,0.357114856918855,0.869854958839671,0.972375690607735,0.95766366130929,0.85147347740668,0,0.812622500980008,0.575068600548804,0.918367346938776,0.901215209721678,0.956643918105179,0.886970172684458,0.976479811838495,0.901215209721678,0.951391611132889,0.875343002744022,0.932575460603685,0.916895335162681,0.914543316346531,0.888671109368875,0.994511956095649,0.891023128185025,0.974911799294394,0.836142689141513,0.338298706389651,0.907487259898079,0.965327029156816,0.964497041420118,0.950607604860839,0.931007448059584,0.903567228537828,0.932575460603685,0.927871422971384,0.967071736573893,0.926303410427283
"d14_20",0.819607843137255,0.676585747846515,0.981667394151026,0.978972907399919,0.978856695379796,0.986666666666667,0.978856695379796,0.979631805718762,0.9796397807361,0.988253719655442,0.986687548942835,0.984338292873923,0.787000783085356,0.880971025841817,0.98659834450138,0.991386061080658,0.967032967032967,0.812622500980008,0,0.606891151135474,0.935711485691886,0.667971808927173,0.987169206094627,0.981183849470796,0.989036805011746,0.978856695379796,0.995301487862177,0.884886452623336,0.980422866092404,0.984338292873923,0.952231793265466,0.872357086922475,0.992169146436962,0.981989036805012,0.531714956930305,0.555207517619421,0.830070477682067,0.681284259984338,0.68280204643841,0.792750197005516,0.675019577133908,0.984338292873923,0.985904463586531,0.982772122161316,0.989036805011746,0.997650743931088,0.669537979639781
"d14_22",0.76,0.733750978856695,0.924923614142296,0.91346542660736,0.91229444009397,0.951372549019608,0.911511354737666,0.903642773207991,0.91229444009397,0.962411902897416,0.873923257635082,0.927173061863743,0.497259201252937,0.862176977290525,0.950335041387465,0.844166014095536,0.841444270015699,0.575068600548804,0.606891151135474,0,0.747549980399843,0.711824588880188,0.93504410585405,0.749901999215994,0.97337509788567,0.888018794048551,0.830853563038371,0.778386844166014,0.90602975724354,0.949099451840251,0.908379013312451,0.667188723570869,0.981989036805012,0.890368050117463,0.976507439310885,0.629600626468285,0.660140955364135,0.672670321064996,0.761511216056671,0.764381402679275,0.748629600626468,0.924823805794832,0.883320281910728,0.920908379013312,0.934220830070478,0.852779953014879,0.716523101018011
"d14_24",0.854731056144484,0.890239121912975,0.909965034965035,0.859919028340081,0.898079184633477,0.893207695327837,0.880047040376323,0.883921568627451,0.881615052920423,0.90905527244218,0.884751078008624,0.841630733045864,0.817326538612309,0.883183065464524,0.88318863456985,0.86671893375147,0.831041257367387,0.918367346938776,0.935711485691886,0.747549980399843,0,0.862014896119169,0.902047370533922,0.728414442700157,0.947471579772638,0.810270482163857,0.860446883575069,0.783614268914151,0.860446883575069,0.851038808310467,0.806350450803606,0.7765582124657,0.978831830654645,0.913759310074481,0.975695805566445,0.891023128185025,0.976479811838495,0.762446099568796,0.911741528762805,0.903747534516765,0.891807134457076,0.918463347706782,0.869070952567621,0.870638965111721,0.858094864758918,0.862798902391219,0.861230889847119
"d14_25",0.774117647058824,0.527016444792482,0.950240069838499,0.914274160938132,0.935003915426782,0.971764705882353,0.911511354737666,0.90520955738347,0.921691464369616,0.971808927173062,0.927956147220047,0.945184025058731,0.919342208300705,0.985904463586531,0.962160031533307,0.971808927173062,0.908163265306122,0.901215209721678,0.667971808927173,0.711824588880188,0.862014896119169,0,0.946271050521251,0.926303410427283,0.978073610023493,0.90602975724354,0.965544244322631,0.807361002349256,0.945967110415035,0.953797963978074,0.913860610806578,0.810493343774471,0.982772122161316,0.927956147220047,0.971808927173062,0.350039154267815,0.987470634299139,0.628034455755677,0.674144037780401,0.772261623325453,0.548159749412686,0.96319498825372,0.918559122944401,0.933437744714174,0.960062646828504,0.966327329678935,0.439310884886453
"d14_26",0.910843373493976,0.959101844426624,0.898700134468848,0.79361790302528,0.908580593424218,0.934136546184739,0.889334402566159,0.870838347372643,0.894947874899759,0.947072975140337,0.951082598235766,0.906976744186046,0.993584603047314,0.919005613472334,0.805409769882923,0.995990376904571,0.856109324758842,0.956643918105179,0.987169206094627,0.93504410585405,0.902047370533922,0.946271050521251,0,0.881975110397431,0.956696070569366,0.882919005613472,0.987971130713713,0.891740176423416,0.956696070569366,0.763432237369687,0.824378508420209,0.966319165998396,0.969526864474739,0.958299919807538,0.971130713712911,0.971130713712911,0.985565356856456,0.934242181234964,0.855703345425232,0.797417271993543,0.939053728949479,0.956696070569366,0.922213311948677,0.90056134723336,0.886126704089816,0.993584603047314,0.945469125902165
"d14_4",0.855516293678838,0.924735397883183,0.854020979020979,0.880971659919028,0.899647197177577,0.873576756968983,0.883183065464524,0.88156862745098,0.858878871030968,0.913759310074481,0.890239121912975,0.904351234809878,0.77577420619365,0.914543316346531,0.927387529597474,0.77734221873775,0.816110019646365,0.886970172684458,0.981183849470796,0.749901999215994,0.728414442700157,0.926303410427283,0.881975110397431,0,0.943551548412387,0.807134457075657,0.753038024304194,0.818894551156409,0.861230889847119,0.871422971383771,0.847902783222266,0.698157585260682,0.975695805566445,0.850254802038416,0.973343786750294,0.932575460603685,0.967855742845943,0.829870638965112,0.962174940898345,0.9534516765286,0.945903567228538,0.90905527244218,0.804782438259506,0.869854958839671,0.861230889847119,0.7781262250098,0.906703253626029
"d14_5",0.96078431372549,0.96945967110415,0.952859013531209,0.944197331176708,0.950665622552858,0.948235294117647,0.954581049334377,0.946729338033686,0.960845732184808,0.965544244322631,0.981989036805012,0.945967110415035,0.997650743931088,0.955364134690681,0.95743003547497,0.997650743931088,0.910518053375196,0.976479811838495,0.989036805011746,0.97337509788567,0.947471579772638,0.978073610023493,0.956696070569366,0.943551548412387,0,0.883320281910728,0.991386061080658,0.954581049334377,0.925606891151135,0.915426781519186,0.943617854346124,0.985121378230227,0.981989036805012,0.957713390759593,0.992169146436962,0.981205951448708,0.990602975724354,0.945184025058731,0.973238882329791,0.986603624901497,0.971808927173062,0.971808927173062,0.894283476898982,0.967893500391543,0.937353171495693,0.996084573218481,0.955364134690681
"d14_6",0.820392156862745,0.93265465935787,0.896988214753383,0.847149211484027,0.821456538762725,0.837647058823529,0.758809710258418,0.757931844888367,0.79796397807361,0.945967110415035,0.931871574001566,0.841816758026625,0.995301487862177,0.930305403288958,0.884903429247142,0.996084573218481,0.722919937205652,0.901215209721678,0.978856695379796,0.888018794048551,0.810270482163857,0.90602975724354,0.882919005613472,0.807134457075657,0.883320281910728,0,0.98981989036805,0.726703210649961,0.816758026624902,0.852779953014879,0.805794831636648,0.916992952231793,0.960845732184808,0.87548942834769,0.942051683633516,0.892717306186374,0.951448707909162,0.813625685199687,0.954348681621409,0.952718676122931,0.870007830853563,0.802662490211433,0.795614722004699,0.797180892717306,0.790133124510572,0.991386061080658,0.850430696945967
"d14_7",0.974901960784314,0.97337509788567,0.965080750763859,0.968459361099879,0.97337509788567,0.981960784313725,0.985904463586531,0.973364669016843,0.976507439310885,0.994518402505873,0.916209866875489,0.950665622552858,0.680501174628034,0.994518402505873,0.993693338588885,0.150352388410337,0.978806907378336,0.951391611132889,0.995301487862177,0.830853563038371,0.860446883575069,0.965544244322631,0.987971130713713,0.753038024304194,0.991386061080658,0.98981989036805,0,0.963978073610024,0.9796397807361,0.978856695379796,0.985121378230227,0.477682067345341,0.994518402505873,0.971025841816758,0.991386061080658,0.938136256851997,0.990602975724354,0.928739232576351,0.994490358126722,0.994483845547675,0.986687548942835,0.966327329678935,0.924040720438528,0.985904463586531,0.988253719655442,0.27956147220047,0.987470634299139
"d14_8",0.774117647058824,0.871574001566171,0.896988214753383,0.835018196522442,0.868441660140955,0.937254901960784,0.781519185591229,0.795534665099882,0.814408770555991,0.947533281127643,0.944400939702428,0.85512920908379,0.945967110415035,0.981989036805012,0.91564840362633,0.995301487862177,0.703296703296703,0.875343002744022,0.884886452623336,0.778386844166014,0.783614268914151,0.807361002349256,0.891740176423416,0.818894551156409,0.954581049334377,0.726703210649961,0.963978073610024,0,0.830070477682067,0.853563038371182,0.783868441660141,0.805794831636648,0.97337509788567,0.848864526233359,0.964761158966327,0.787000783085356,0.954581049334377,0.758809710258418,0.837072018890201,0.847123719464145,0.833985904463587,0.836335160532498,0.815974941268598,0.784651527016445,0.817541111981206,0.995301487862177,0.719655442443226
"d7_10",0.890196078431372,0.891151135473767,0.953731994762113,0.918317832591994,0.889584964761159,0.875294117647059,0.850430696945967,0.858206032119076,0.870007830853563,0.971025841816758,0.919342208300705,0.879404855129209,0.976507439310885,0.959279561472201,0.932203389830508,0.984338292873923,0.810832025117739,0.932575460603685,0.980422866092404,0.90602975724354,0.860446883575069,0.945967110415035,0.956696070569366,0.861230889847119,0.925606891151135,0.816758026624902,0.9796397807361,0.830070477682067,0,0.901331245105716,0.791699295223179,0.833985904463587,0.96319498825372,0.817541111981206,0.956147220046985,0.913860610806578,0.939702427564605,0.76742364917776,0.955135773317591,0.961386918833727,0.904463586530932,0.843382928739233,0.804228660924041,0.760375880971026,0.671887235708692,0.981205951448708,0.84494909945184
"d7_11",0.868235294117647,0.940485512920908,0.87167175905718,0.772745653052972,0.848081440877056,0.884705882352941,0.829287392325764,0.799451625538582,0.826938136256852,0.908379013312451,0.942051683633516,0.837901331245106,0.991386061080658,0.88566953797964,0.862041781631849,0.990602975724354,0.807692307692308,0.916895335162681,0.984338292873923,0.949099451840251,0.851038808310467,0.953797963978074,0.763432237369687,0.871422971383771,0.915426781519186,0.852779953014879,0.978856695379796,0.853563038371182,0.901331245105716,0,0.690681284259984,0.946750195771339,0.976507439310885,0.884886452623336,0.96945967110415,0.945184025058731,0.9796397807361,0.867658574784652,0.867768595041322,0.876280535855004,0.929522317932655,0.935787000783085,0.899765074393109,0.896632732967893,0.851213782302271,0.996084573218481,0.899765074393109
"d7_12",0.826666666666667,0.888018794048551,0.857704059362724,0.769510715729883,0.822239624119029,0.909019607843137,0.803445575567737,0.791617704661183,0.819890368050118,0.917776037588097,0.929522317932655,0.847298355520752,0.967110415035239,0.931088488645262,0.903035080804099,0.990602975724354,0.775510204081633,0.914543316346531,0.952231793265466,0.908379013312451,0.806350450803606,0.913860610806578,0.824378508420209,0.847902783222266,0.943617854346124,0.805794831636648,0.985121378230227,0.783868441660141,0.791699295223179,0.690681284259984,0,0.89584964761159,0.967110415035239,0.84494909945184,0.958496476115897,0.881754111198121,0.954581049334377,0.784651527016445,0.869342778433688,0.868400315208826,0.888801879404855,0.873923257635082,0.802662490211433,0.77760375880971,0.76115896632733,0.985121378230227,0.853563038371182
"d7_13",0.786666666666667,0.772122161315583,0.931034482758621,0.93772745653053,0.888801879404855,0.912156862745098,0.892717306186374,0.883274578926753,0.862176977290525,0.980422866092404,0.857478465152702,0.925606891151135,0.628034455755677,0.998433829287392,0.975561687031927,0.49804228660924,0.861067503924647,0.888671109368875,0.872357086922475,0.667188723570869,0.7765582124657,0.810493343774471,0.966319165998396,0.698157585260682,0.985121378230227,0.916992952231793,0.477682067345341,0.805794831636648,0.833985904463587,0.946750195771339,0.89584964761159,0,0.975724353954581,0.805794831636648,0.957713390759593,0.801096319498825,0.946750195771339,0.755677368833203,0.863833136560409,0.85973207249803,0.802662490211433,0.916992952231793,0.824588880187941,0.890368050117463,0.904463586530932,0.493343774471417,0.763508222396241
"d7_16",0.96,0.984338292873923,0.972064600611087,0.959563283461383,0.949099451840251,0.953725490196078,0.948316366483947,0.943595769682726,0.961628817541112,0.990602975724354,0.978073610023493,0.966327329678935,0.992952231793265,0.972592012529366,0.940086716594403,0.996084573218481,0.974097331240188,0.994511956095649,0.992169146436962,0.981989036805012,0.978831830654645,0.982772122161316,0.969526864474739,0.975695805566445,0.981989036805012,0.960845732184808,0.994518402505873,0.97337509788567,0.96319498825372,0.976507439310885,0.967110415035239,0.975724353954581,0,0.980422866092404,0.981205951448708,0.984338292873923,1,0.959279561472201,0.989767807949626,0.975571315996848,0.867658574784652,0.987470634299139,0.92247454972592,0.862176977290525,0.898981989036805,0.992169146436962,0.9796397807361
"d7_17",0.807058823529412,0.851996867658575,0.890004364906155,0.9239789729074,0.840250587314017,0.436078431372549,0.837901331245106,0.825303564433999,0.819107282693814,0.975724353954581,0.914643696162882,0.878621769772905,0.985121378230227,0.992169146436962,0.97240835632637,0.988253719655442,0.746467817896389,0.891023128185025,0.981989036805012,0.890368050117463,0.913759310074481,0.927956147220047,0.958299919807538,0.850254802038416,0.957713390759593,0.87548942834769,0.971025841816758,0.848864526233359,0.817541111981206,0.884886452623336,0.84494909945184,0.805794831636648,0.980422866092404,0,0.927956147220047,0.901331245105716,0.953797963978074,0.844166014095536,0.946477764659583,0.959810874704492,0.891151135473767,0.873140172278778,0.744714173844949,0.84494909945184,0.880187940485513,0.986687548942835,0.816758026624902
"d7_2",0.95843137254902,0.985121378230227,0.977302487996508,0.966033158107562,0.956930305403289,0.982745098039216,0.963978073610024,0.956130043086565,0.956147220046985,0.987470634299139,0.967110415035239,0.9796397807361,0.996867658574785,0.995301487862177,0.979503350413875,0.997650743931088,0.945839874411303,0.974911799294394,0.531714956930305,0.976507439310885,0.975695805566445,0.971808927173062,0.971130713712911,0.973343786750294,0.992169146436962,0.942051683633516,0.991386061080658,0.964761158966327,0.956147220046985,0.96945967110415,0.958496476115897,0.957713390759593,0.981205951448708,0.927956147220047,0,0.960062646828504,0.974941268598277,0.957713390759593,0.982683982683983,0.976359338061466,0.94283476898982,0.953797963978074,0.928739232576351,0.938136256851997,0.954581049334377,0.992169146436962,0.945967110415035
"d7_20",0.736470588235294,0.526233359436179,0.946748144914884,0.952284674484432,0.898198903680501,0.940392156862745,0.891151135473767,0.882491186839013,0.889584964761159,0.967110415035239,0.949882537196554,0.89584964761159,0.84494909945184,0.90602975724354,0.98659834450138,0.98981989036805,0.889324960753532,0.836142689141513,0.555207517619421,0.629600626468285,0.891023128185025,0.350039154267815,0.971130713712911,0.932575460603685,0.981205951448708,0.892717306186374,0.938136256851997,0.787000783085356,0.913860610806578,0.945184025058731,0.881754111198121,0.801096319498825,0.984338292873923,0.901331245105716,0.960062646828504,0,0.859827721221613,0.620203602192639,0.671782762691854,0.776201733648542,0.527799530148786,0.919342208300705,0.906812842599843,0.909162098668755,0.905246671887236,0.995301487862177,0.416601409553641
"d7_22",0.970196078431373,0.981989036805012,0.984286337843736,0.965224423776789,0.962411902897416,0.985882352941176,0.966327329678935,0.960830395613004,0.96319498825372,0.984338292873923,0.974941268598277,0.971025841816758,0.37744714173845,0.880971025841817,0.995270003941663,0.992169146436962,0.949764521193093,0.338298706389651,0.830070477682067,0.660140955364135,0.976479811838495,0.987470634299139,0.985565356856456,0.967855742845943,0.990602975724354,0.951448707909162,0.990602975724354,0.954581049334377,0.939702427564605,0.9796397807361,0.954581049334377,0.946750195771339,1,0.953797963978074,0.974941268598277,0.859827721221613,0,0.953797963978074,0.988980716253444,0.988179669030733,0.962411902897416,0.946750195771339,0.955364134690681,0.945967110415035,0.957713390759593,0.995301487862177,0.948316366483947
"d7_24",0.755294117647059,0.642129992169146,0.949367088607595,0.888394662353417,0.877055599060298,0.930980392156863,0.86530931871574,0.874657265961614,0.892717306186374,0.960062646828504,0.889584964761159,0.91229444009397,0.886452623335944,0.963978073610024,0.912495072920773,0.935787000783085,0.82967032967033,0.907487259898079,0.681284259984338,0.672670321064996,0.762446099568796,0.628034455755677,0.934242181234964,0.829870638965112,0.945184025058731,0.813625685199687,0.928739232576351,0.758809710258418,0.76742364917776,0.867658574784652,0.784651527016445,0.755677368833203,0.959279561472201,0.844166014095536,0.957713390759593,0.620203602192639,0.953797963978074,0,0.642660369933097,0.772261623325453,0.610023492560689,0.866875489428348,0.797180892717306,0.819890368050118,0.741581832419734,0.931871574001566,0.574001566170713
"d7_25",0.79030350808041,0.682014954742228,0.936786654960492,0.863414634146341,0.950413223140496,0.975561687031927,0.937819756001574,0.94251968503937,0.936245572609209,0.957497048406139,0.97874852420307,0.962219598583235,0.944116489571035,0.996064541519087,0.764659270998415,0.99685163321527,0.912426035502959,0.965327029156816,0.68280204643841,0.761511216056671,0.911741528762805,0.674144037780401,0.855703345425232,0.962174940898345,0.973238882329791,0.954348681621409,0.994490358126722,0.837072018890201,0.955135773317591,0.867768595041322,0.869342778433688,0.863833136560409,0.989767807949626,0.946477764659583,0.982683982683983,0.671782762691854,0.988980716253444,0.642660369933097,0,0.483564356435644,0.673356946084219,0.957497048406139,0.964580873671783,0.940181031090122,0.918929555293192,0.99685163321527,0.652892561983471
"d7_26",0.787687450670876,0.788810086682427,0.936703296703297,0.881969881969882,0.955082742316785,0.96921862667719,0.934594168636722,0.936145053212456,0.93538219070134,0.965327029156816,0.96769109535067,0.955870764381403,0.945626477541371,0.977147360126083,0.815152717175724,0.996847911741529,0.936808846761453,0.964497041420118,0.792750197005516,0.764381402679275,0.903747534516765,0.772261623325453,0.797417271993543,0.9534516765286,0.986603624901497,0.952718676122931,0.994483845547675,0.847123719464145,0.961386918833727,0.876280535855004,0.868400315208826,0.85973207249803,0.975571315996848,0.959810874704492,0.976359338061466,0.776201733648542,0.988179669030733,0.772261623325453,0.483564356435644,0,0.765957446808511,0.969267139479905,0.957446808510638,0.940898345153664,0.922773837667455,0.995271867612293,0.762017336485422
"d7_27",0.733333333333333,0.56930305403289,0.934526407682235,0.911039223615042,0.869224745497259,0.95843137254902,0.876272513703994,0.847238542890717,0.883320281910728,0.953797963978074,0.949882537196554,0.91229444009397,0.945184025058731,0.985121378230227,0.931415057154119,0.996867658574785,0.879120879120879,0.950607604860839,0.675019577133908,0.748629600626468,0.891807134457076,0.548159749412686,0.939053728949479,0.945903567228538,0.971808927173062,0.870007830853563,0.986687548942835,0.833985904463587,0.904463586530932,0.929522317932655,0.888801879404855,0.802662490211433,0.867658574784652,0.891151135473767,0.94283476898982,0.527799530148786,0.962411902897416,0.610023492560689,0.673356946084219,0.765957446808511,0,0.917776037588097,0.864526233359436,0.783868441660141,0.819107282693814,0.987470634299139,0.507439310884886
"d7_3",0.885490196078431,0.947533281127643,0.951113051069402,0.931257581884351,0.845732184808144,0.943529411764706,0.746280344557557,0.783783783783784,0.784651527016445,0.965544244322631,0.948316366483947,0.896632732967893,0.993735317149569,0.994518402505873,0.967678360268033,0.992169146436962,0.84850863422292,0.931007448059584,0.984338292873923,0.924823805794832,0.918463347706782,0.96319498825372,0.956696070569366,0.90905527244218,0.971808927173062,0.802662490211433,0.966327329678935,0.836335160532498,0.843382928739233,0.935787000783085,0.873923257635082,0.916992952231793,0.987470634299139,0.873140172278778,0.953797963978074,0.919342208300705,0.946750195771339,0.866875489428348,0.957497048406139,0.969267139479905,0.917776037588097,0,0.866092404072044,0.829287392325764,0.827721221613156,0.990602975724354,0.881754111198121
"d7_4",0.833725490196078,0.920908379013312,0.881274552597119,0.881116053376466,0.793265465935787,0.892549019607843,0.775254502740799,0.779083431257344,0.779953014878622,0.960845732184808,0.895066562255286,0.881754111198121,0.955364134690681,0.972592012529366,0.91643673630272,0.953797963978074,0.740188383045526,0.903567228537828,0.985904463586531,0.883320281910728,0.869070952567621,0.918559122944401,0.922213311948677,0.804782438259506,0.894283476898982,0.795614722004699,0.924040720438528,0.815974941268598,0.804228660924041,0.899765074393109,0.802662490211433,0.824588880187941,0.92247454972592,0.744714173844949,0.928739232576351,0.906812842599843,0.955364134690681,0.797180892717306,0.964580873671783,0.957446808510638,0.864526233359436,0.866092404072044,0,0.747846515270164,0.810493343774471,0.949882537196554,0.807361002349256
"d7_5",0.897254901960784,0.964761158966327,0.870798777826277,0.852810351799434,0.87548942834769,0.945882352941177,0.82850430696946,0.831570701135919,0.863743148003132,0.964761158966327,0.947533281127643,0.894283476898982,0.996084573218481,0.961628817541112,0.898305084745763,0.994518402505873,0.778649921507064,0.932575460603685,0.982772122161316,0.920908379013312,0.870638965111721,0.933437744714174,0.90056134723336,0.869854958839671,0.967893500391543,0.797180892717306,0.985904463586531,0.784651527016445,0.760375880971026,0.896632732967893,0.77760375880971,0.890368050117463,0.862176977290525,0.84494909945184,0.938136256851997,0.909162098668755,0.945967110415035,0.819890368050118,0.940181031090122,0.940898345153664,0.783868441660141,0.829287392325764,0.747846515270164,0,0.735317149569303,0.986687548942835,0.811276429130775
"d7_6",0.865098039215686,0.924823805794832,0.933653426451331,0.895673271330368,0.81832419733751,0.885490196078431,0.824588880187941,0.835487661574618,0.846515270164448,0.956147220046985,0.939702427564605,0.916992952231793,0.995301487862177,0.956147220046985,0.87386677177769,0.994518402505873,0.803767660910518,0.927871422971384,0.989036805011746,0.934220830070478,0.858094864758918,0.960062646828504,0.886126704089816,0.861230889847119,0.937353171495693,0.790133124510572,0.988253719655442,0.817541111981206,0.671887235708692,0.851213782302271,0.76115896632733,0.904463586530932,0.898981989036805,0.880187940485513,0.954581049334377,0.905246671887236,0.957713390759593,0.741581832419734,0.918929555293192,0.922773837667455,0.819107282693814,0.827721221613156,0.810493343774471,0.735317149569303,0,0.991386061080658,0.899765074393109
"d7_7",0.992941176470588,0.988253719655442,0.986032300305543,0.97250303275374,0.991386061080658,0.996078431372549,0.992952231793265,0.992949471210341,0.993735317149569,0.998433829287392,0.667188723570869,0.995301487862177,0.679718089271731,0.991386061080658,0.993693338588885,0.283476898981989,0.990580847723705,0.967071736573893,0.997650743931088,0.852779953014879,0.862798902391219,0.966327329678935,0.993584603047314,0.7781262250098,0.996084573218481,0.991386061080658,0.27956147220047,0.995301487862177,0.981205951448708,0.996084573218481,0.985121378230227,0.493343774471417,0.992169146436962,0.986687548942835,0.992169146436962,0.995301487862177,0.995301487862177,0.931871574001566,0.99685163321527,0.995271867612293,0.987470634299139,0.990602975724354,0.949882537196554,0.986687548942835,0.991386061080658,0,0.989036805011746
"d7_8",0.745098039215686,0.517619420516836,0.930161501527717,0.924787707238172,0.906812842599843,0.947450980392157,0.867658574784652,0.874657265961614,0.877055599060298,0.963978073610024,0.940485512920908,0.88566953797964,0.946750195771339,0.991386061080658,0.968466692944423,0.996867658574785,0.78414442700157,0.926303410427283,0.669537979639781,0.716523101018011,0.861230889847119,0.439310884886453,0.945469125902165,0.906703253626029,0.955364134690681,0.850430696945967,0.987470634299139,0.719655442443226,0.84494909945184,0.899765074393109,0.853563038371182,0.763508222396241,0.9796397807361,0.816758026624902,0.945967110415035,0.416601409553641,0.948316366483947,0.574001566170713,0.652892561983471,0.762017336485422,0.507439310884886,0.881754111198121,0.807361002349256,0.811276429130775,0.899765074393109,0.989036805011746,0
